[0,0]
[0,1]
[0,2]
[0,3]
[0,4]
[0,5]
[0,6]
[0,7]
[0,8]
[0,9]
[0,10]
[0,11]
[0,12]
[1,12]
[2,12]
[2,13]
[2,14]
[1,14]
[0,14]
[0,15]
[0,16]
[0,17]
[0,18]
[0,19]
[0,20]
[1,20]
[2,20]
[3,20]
[4,20]
[5,20]
[6,20]
[6,21]
[6,22]
[6,23]
[6,24]
[5,24]
[4,24]
[4,23]
[4,22]
[3,22]
[2,22]
[2,23]
[2,24]
[1,24]
[0,24]
[0,25]
[0,26]
[1,26]
[2,26]
[2,27]
[2,28]
[3,28]
[4,28]
[4,29]
[4,30]
[4,31]
[4,32]
[4,33]
[4,34]
[4,35]
[4,36]
[3,36]
[2,36]
[2,35]
[2,34]
[1,34]
[0,34]
[0,35]
[0,36]
[0,37]
[0,38]
[0,39]
[0,40]
[1,40]
[2,40]
[3,40]
[4,40]
[4,39]
[4,38]
[5,38]
[6,38]
[6,39]
[6,40]
[6,41]
[6,42]
[5,42]
[4,42]
[3,42]
[2,42]
[1,42]
[0,42]
[0,43]
[0,44]
[0,45]
[0,46]
[0,47]
[0,48]
[1,48]
[2,48]
[2,47]
[2,46]
[3,46]
[4,46]
[4,47]
[4,48]
[4,49]
[4,50]
[5,50]
[6,50]
[7,50]
[8,50]
[8,51]
[8,52]
[8,53]
[8,54]
[7,54]
[6,54]
[6,55]
[6,56]
[6,57]
[6,58]
[5,58]
[4,58]
[4,57]
[4,56]
[4,55]
[4,54]
[4,53]
[4,52]
[3,52]
[2,52]
[1,52]
[1,53]
[0,53]
[0,54]
[0,55]
[1,55]
[2,55]
[2,56]
[2,57]
[2,58]
[2,59]
[2,60]
[3,60]
[4,60]
[5,60]
[6,60]
[6,61]
[6,62]
[7,62]
[8,62]
[9,62]
[10,62]
[11,62]
[12,62]
[12,63]
[13,63]
[14,63]
[14,62]
[14,61]
[14,60]
[14,59]
[15,59]
[16,59]
[17,59]
[18,59]
[19,59]
[20,59]
[21,59]
[22,59]
[23,59]
[24,59]
[24,60]
[25,60]
[25,61]
[25,62]
[25,63]
[24,63]
[23,63]
[22,63]
[22,64]
[22,65]
[22,66]
[23,66]
[24,66]
[24,67]
[24,68]
[25,68]
[26,68]
[27,68]
[28,68]
[29,68]
[30,68]
[31,68]
[32,68]
[32,67]
[32,66]
[31,66]
[30,66]
[30,65]
[30,64]
[30,63]
[30,62]
[31,62]
[32,62]
[33,62]
[34,62]
[34,61]
[34,60]
[33,60]
[32,60]
[31,60]
[30,60]
[30,59]
[30,58]
[30,57]
[30,56]
[31,56]
[32,56]
[33,56]
[34,56]
[35,56]
[36,56]
[36,57]
[36,58]
[36,59]
[36,60]
[36,61]
[36,62]
[37,62]
[38,62]
[39,62]
[40,62]
[41,62]
[42,62]
[42,61]
[42,60]
[43,60]
[44,60]
[45,60]
[46,60]
[47,60]
[48,60]
[48,61]
[48,62]
[47,62]
[46,62]
[46,63]
[46,64]
[46,65]
[46,66]
[46,67]
[46,68]
[47,68]
[48,68]
[48,67]
[48,66]
[48,65]
[48,64]
[49,64]
[50,64]
[51,64]
[52,64]
[53,64]
[54,64]
[54,63]
[54,62]
[55,62]
[56,62]
[56,63]
[56,64]
[56,65]
[56,66]
[57,66]
[58,66]
[59,66]
[60,66]
[60,65]
[60,64]
[59,64]
[58,64]
[58,63]
[58,62]
[59,62]
[60,62]
[61,62]
[62,62]
[63,62]
[64,62]
[64,63]
[64,64]
[64,65]
[64,66]
[63,66]
[62,66]
[62,67]
[62,68]
[63,68]
[64,68]
[64,69]
[64,70]
[65,70]
[66,70]
[67,70]
[68,70]
[69,70]
[70,70]
